SNP	a_hat	se_a	chisq	p_value
rs181362	-0.115265313942	0.55790367836	0.0426853478934	0.836318880798
rs737337	-0.434292238655	0.656850094292	0.437151127553	0.508500699513
rs7134594	-0.223993534287	0.455541819903	0.241776707841	0.622925817517
rs2602836	0.338849213951	0.84230345623	0.161836247378	0.68747152487
rs2013208	-0.640473964127	0.60799638714	1.10968818666	0.29214973987
rs2923084	-0.153687085256	0.745656593737	0.0424812241443	0.836705192172
rs17173637	-0.359897007092	0.797656321577	0.203575189307	0.651850401555
rs838880	0.0579160622406	0.418501277808	0.0191515741195	0.889932822211
rs499974	-1.37779544977	0.725080088877	3.61075094565	0.0574071922111
rs4650994	-0.729650115145	0.84083315462	0.753025451072	0.385520042336
rs386000	-0.565931983102	0.6210462976	0.830386963842	0.362160658248
rs4759375	0.184349122657	0.648311063293	0.0808565644638	0.776139959914
rs11869286	0.714264913787	0.588664004593	1.4722571538	0.224989903096
rs6805251	0.020004001067	0.861667647455	0.000538957058399	0.981478415647
rs16942887	-0.492059044029	0.352523473417	1.94831132922	0.162768937354
rs17695224	-0.829590516927	0.704484424283	1.38670718829	0.238961964679
rs4983559	-0.44303142161	0.984654252455	0.202442427745	0.652756569741
rs11246602	-1.0909941541	0.88547324969	1.51807754306	0.21791065025
rs2290547	-1.25282534424	0.918691612087	1.85969429399	0.172660087263
rs4917014	0.93127320616	0.89956901215	1.0717296418	0.300555087299
rs1689800	0.0666000887557	0.653988769953	0.0103707229925	0.918886257557
rs702485	0.679597675975	0.929565818525	0.534494792951	0.464723260996
