SNP	a_hat	se_a	chisq	p_value
rs11136341	-0.36269140391	0.44757876294	0.656652469548	0.417744240882
rs2072183	-2.00856881706	0.786756981465	6.51766780178	0.0106807975965
rs3757354	-0.317001328935	0.574681090483	0.30427645749	0.581213803746
rs4530754	0.073252784783	0.608067467217	0.0145125838547	0.904112279916
rs5763662	0.177504367514	0.777094994019	0.0521758898015	0.819319413561
rs12027135	-0.169567968285	0.61154256319	0.0768836963518	0.781565810498
rs2228671	-0.0761184299179	0.265429046321	0.0822399333817	0.774284562663
rs364585	0.103493831783	0.632593228233	0.0267657770548	0.8700440788
rs10490626	-0.360727249722	0.690274112648	0.273095616055	0.60126272568
rs10102164	0.38773614099	0.766759532123	0.255713819865	0.613080229417
rs514230	-0.248758271329	0.46686686034	0.283902335611	0.594154820554
rs2479409	-0.33821172113	0.327012533125	1.06966679238	0.301020721631
rs7640978	-0.0951809585738	0.796421013725	0.0142828451482	0.904870638355
rs3780181	0.0948199559675	0.201073597193	0.222376762713	0.637234881353
rs12713956	-0.0862588650163	0.195945042612	0.193793371422	0.659778003512
rs2328223	0.392299453333	1.04135900144	0.141917010821	0.706382632949
rs17404153	0.394325058453	0.840608540287	0.220049890504	0.639001906943
rs9488822	0.518574801326	0.721688557011	0.516325032189	0.472413542589
rs2254287	0.0709573064687	0.324431096613	0.0478353872027	0.82687360232
rs8017377	0.245758477647	0.768341310633	0.102307776972	0.749077593125
rs2710642	0.95090029179	0.95891304646	0.983357662955	0.321371256786
rs11563251	-0.156299649538	1.09951242617	0.0202076459704	0.886958681396
rs2030746	-1.60883658476	1.02573733144	2.46009310252	0.116771860486
rs1169288	1.45927283316	0.493505095878	8.74358853275	0.00310692493133
rs12670798	-0.388926828923	0.72948950893	0.284248187609	0.593930226884
rs7206971	0.215440197095	0.683136800848	0.0994576314114	0.752481470818
