SNP	a_hat	se_a	chisq	p_value
rs932764	0.0232159957025	0.0248331537792	0.873998874942	0.349850624706
rs7129220	0.00702660753706	0.0285059757913	0.0607602525659	0.805298340431
rs6015450	0.0027454941113	0.0196956546777	0.0194312254499	0.889137287928
rs12946454	0.0133682363558	0.0238048556105	0.315367639702	0.574404914245
rs1173771	0.028729359541	0.0233409781578	1.51500401738	0.218377102695
rs2521501	0.0286394593935	0.0215467517808	1.76671303976	0.183789389922
rs419076	0.012470852163	0.0443066001639	0.0792237525733	0.778352125909
rs11953630	0.0701228271215	0.0358286374846	3.83052453607	0.0503271805938
rs1327235	0.00711491672147	0.0338206918276	0.0442562557252	0.833377571941
rs17367504	0.0504523961948	0.0187457133788	7.24368656769	0.00711507414664
rs381815	0.00530469021855	0.021812321906	0.0591447577959	0.807852827416
rs17608766	0.0446252308991	0.0307363934859	2.10792491815	0.146537906754
rs2681492	0.0309929121642	0.0324772803469	0.910679294664	0.339934246091
rs633185	0.0125147055811	0.022993562316	0.296229805412	0.586255705396
rs1458038	0.0203855607385	0.0182024070317	1.25426031319	0.262740337815
rs2932538	-0.00790063609174	0.0355644084551	0.0493506568982	0.824197055504
rs805303	-0.0220129377148	0.0494995660639	0.197766726984	0.65652955062
