SNP	a_hat	se_a	chisq	p_value
rs11136341	-0.36269140391	0.44757876294	0.656652469548	0.417744240882
rs2072183	-0.121997182649	0.37935687013	0.103419800512	0.747763706471
rs3757354	0.200930300814	0.354728512278	0.320847510497	0.571098766828
rs4530754	-0.23268596558	0.39968193235	0.338931041808	0.560446895631
rs5763662	0.4262129071	0.414742415532	1.0560787143	0.30411124621
rs12027135	0.887545202257	0.409877258957	4.68892531081	0.0303576287631
rs2228671	-0.08300865273	0.145405590726	0.325900119715	0.568083277734
rs364585	-0.387077177607	0.407728097827	0.901267787843	0.342441997973
rs10490626	-0.344279710694	0.444458512048	0.600012644496	0.438573201674
rs10102164	0.344282572287	0.484842537553	0.504229960434	0.477647387359
rs514230	-0.248758271329	0.46686686034	0.283902335611	0.594154820554
rs2479409	-0.389738230212	0.210662585708	3.42271861189	0.0643050343883
rs7640978	-0.202403441285	0.539151152917	0.140933652623	0.707354593877
rs3780181	0.0685438794505	0.215091475283	0.101552580928	0.749974371898
rs12713956	-0.182979481963	0.132210218886	1.91546728523	0.16635720636
rs2328223	0.897086188337	0.538398410177	2.77626426425	0.0956710870471
rs17404153	0.00240008640415	0.5660574929	1.79776394632e-05	0.996616975886
rs9488822	0.518574801326	0.721688557011	0.516325032189	0.472413542589
rs2254287	0.0709573064687	0.324431096613	0.0478353872027	0.82687360232
rs8017377	-0.285990019871	0.423144792923	0.456797537347	0.499124463854
rs2710642	0.591383597785	0.6247423315	0.896059156507	0.343840598536
rs11563251	-0.297523865011	0.659190610477	0.203714334258	0.651739300033
rs2030746	-0.777767986015	0.621183367745	1.56769108341	0.210542641428
rs1169288	1.54329433509	0.320866083085	23.1339556469	1.51098704293e-06
rs12670798	-0.180320185585	0.464787730283	0.150514860964	0.698043823535
rs7206971	0.215440197095	0.683136800848	0.0994576314114	0.752481470818
