SNP CHR POS A1 A2 FREQ_A1 P_SBP P_DBP P_HDL P_LDL P_TG P_TC P_BMI P_HEIGHT P_WHRadjBMI P_2hrGLUadjBMI P_FastGlu P_HbA1C P_FastIns P_HOMA-B P_HOMA-IR P_FastProIns
rs7655493 4 103213671 C T 0.56 0.364 0.315 0.05561 0.8978 0.1689 0.5635 0.321 0.5432 0.9 .4336 .9311 0.3715 .4067 .1809 .3601 0.04001
rs61856384 10 44813027 C T 0.9 NA NA 0.8788 0.709 0.9234 0.3061 NA NA NA NA NA NA NA NA NA NA
rs8181001 8 15318307 A C 0.81 0.243 0.276 0.4818 0.3303 0.1552 0.1654 0.468 0.04849 0.7 .7502 .6407 0.4759 .6494 .8353 .955 0.4268
rs4935417 10 55055218 G A 0.23 NA NA NA NA NA NA 0.679 0.3094 NA NA .5774 0.3675 .2288 .4156 .4316 0.7902
rs3783886 14 88958847 A G 0.93 0.226 0.0195 0.9251 0.3643 0.4493 0.1163 0.559 0.7055 0.18 .3391 .3821 0.5342 .6291 .4007 .6739 0.3024
rs10806671 6 170270028 C T 0.56 0.16 0.0975 0.9516 0.9412 0.5359 0.8068 0.347 0.8176 0.25 .4437 .9166 0.4008 .484 .3911 .7958 0.1152
rs10498605 14 87170168 A T 0.7 0.567 0.759 0.7492 0.2783 0.413 0.3345 0.773 0.3043 0.21 .8229 .3406 0.3653 .711 .748 .8471 0.1392
rs6079035 20 13368741 G T 0.35 0.199 0.595 0.521 0.6934 0.7579 0.7073 0.891 0.8466 0.2 .5572 .2635 0.9724 .887 .8263 .4581 0.8614
rs1459600 12 84995924 C T 0.83 0.729 0.631 0.9201 0.3988 0.8908 0.6453 0.282 0.4708 0.91 .4596 .3711 0.2592 .8392 .7473 .7721 0.9231
