SNP CHR POS P_SBP P_DBP P_HDL P_LDL P_TG P_BMI P_HEIGHT P_WHRadjBMI P_2hrGLUadjBMI P_FastGlu P_HbA1C P_FastIns P_HOMA-B P_HOMA-IR P_FastProIns
rs7655493 4 103432694 0.364 0.315 0.09441 0.8004 0.2738 0.321 0.5432 0.9 .4336 .9311 0.3715 .4067 .1809 .3601 0.04001
rs8181001 8 15362678 0.243 0.276 0.3857 0.2361 0.1835 0.468 0.04849 0.7 .7502 .6407 0.4759 .6494 .8353 .955 0.4268
rs3783886 14 88028600 0.226 0.0195 0.9807 0.2014 0.4861 0.559 0.7055 0.18 .3391 .3821 0.5342 .6291 .4007 .6739 0.3024
rs10806671 6 170011953 0.16 0.0975 0.6583 0.7927 0.5758 0.347 0.8176 0.25 .4437 .9166 0.4008 .484 .3911 .7958 0.1152
rs10498605 14 86239921 0.567 0.759 0.8605 0.2258 0.2058 0.773 0.3043 0.21 .8229 .3406 0.3653 .711 .748 .8471 0.1392
rs6079035 20 13316741 0.199 0.595 0.5293 0.8379 0.8386 0.891 0.8466 0.2 .5572 .2635 0.9724 .887 .8263 .4581 0.8614
rs1459600 12 83520055 0.729 0.631 0.9673 0.498 0.8454 0.282 0.4708 0.91 .4596 .3711 0.2592 .8392 .7473 .7721 0.9231
rs6961069 7 80056897 0.574 0.29 0.00356 0.03035 0.06963 0.0544 0.4801 0.91 .4563 .2148 0.2985 .9498 .2677 .8638 0.3363
rs17070094 3 64148068 0.418 0.469 0.1684 0.8753 0.3771 0.399 0.4017 0.81 .03476 .3069 0.02582 .7087 .8183 .4279 0.8214
