SNP	a_hat	se_a	chisq	p_value
rs7255436	-0.146990282957	0.672486038103	0.0477761013803	0.826979220824
rs4983559	-1.0664425692	0.619243534735	2.965869125	0.0850387477937
rs11246602	-0.761703639967	0.610876611877	1.5547661116	0.212433210692
rs2013208	-0.526502940627	0.39769567653	1.75266882947	0.18554157481
rs2290547	-0.48712326203	0.5400817146	0.813502311254	0.36708681307
rs4759375	0.184349122657	0.648311063293	0.0808565644638	0.776139959914
rs499974	-0.52517439815	0.495861069537	1.12172672549	0.2895469489
rs11869286	-0.87881283771	0.406062628047	4.68389059976	0.0304467177855
rs17695224	-0.79022536482	0.45652510071	2.99621248521	0.0834594160739
rs6805251	0.91428956036	0.591960970965	2.38551072835	0.122464862852
rs7134594	-0.223993534287	0.455541819903	0.241776707841	0.622925817517
rs7395662	0.631080879745	0.605747293617	1.08539315816	0.297494194872
rs181362	0.0946288666978	0.354610870683	0.0712103610994	0.789582579717
rs838880	-0.195411540197	0.256211161804	0.581707045563	0.445643990401
rs2602836	0.788401432485	0.58170189109	1.83693529182	0.175310574958
rs737337	-0.274887262118	0.362489914045	0.575065583855	0.448252980441
rs16942887	0.070736973146	0.217786807725	0.105494497134	0.745333077072
rs4917014	0.501773787155	0.61895948122	0.65719083771	0.417553438437
rs4650994	-0.355158393555	0.5754436109	0.380924249766	0.537109008169
rs386000	-0.127525707391	0.31132362599	0.167792027735	0.682081603805
rs702485	-0.447143425691	0.595741742015	0.563349142344	0.452913960933
