SNP	a_hat	se_a	chisq	p_value
rs514230	-0.248758271329	0.46686686034	0.283902335611	0.594154820554
rs11136341	-0.36269140391	0.44757876294	0.656652469548	0.417744240882
rs11563251	-0.297523865011	0.659190610477	0.203714334258	0.651739300033
rs3780181	0.0685438794505	0.215091475283	0.101552580928	0.749974371898
rs6756629	0.108924931143	0.162599230124	0.448763594748	0.502922689005
rs3757354	0.200930300814	0.354728512278	0.320847510497	0.571098766828
rs364585	-0.387077177607	0.407728097827	0.901267787843	0.342441997973
rs8017377	-0.285990019871	0.423144792923	0.456797537347	0.499124463854
rs2328223	0.897086188337	0.538398410177	2.77626426425	0.0956710870471
rs4530754	-0.23268596558	0.39968193235	0.338931041808	0.560446895631
rs10490626	-0.344279710694	0.444458512048	0.600012644496	0.438573201674
rs12027135	0.887545202257	0.409877258957	4.68892531081	0.0303576287631
rs2479409	-0.389738230212	0.210662585708	3.42271861189	0.0643050343883
