SNP	a_hat	se_a	chisq	p_value
rs11246602	0.132070614878	0.688475722128	0.0367989256088	0.847875009955
rs2013208	-1.88088121711	0.454490354044	17.1266884804	3.49674765163e-05
rs7395662	-0.881969078393	0.268356236878	10.8014816431	0.00101418891008
rs181362	-0.0495757055981	0.424194399461	0.0136586553816	0.906962873465
rs838880	0.12670738734	0.332408743359	0.145297785421	0.703070084649
rs499974	0.55827449047	0.583591712646	0.915118501164	0.338759967344
rs4917014	-1.37083821424	0.732224686128	3.50496489108	0.0611851424822
rs4650994	-0.432165341397	0.675757537788	0.408995068644	0.522480009963
rs386000	-0.03417736914	0.417072672706	0.00671512015655	0.934689784545
