SNP	a_hat	se_a	chisq	p_value
rs514230	-0.0508866331236	0.342150635963	0.0221193688623	0.881769988193
rs2479409	0.694127180057	0.265826153232	6.81840333191	0.00902231963928
rs3780181	0.867585860139	0.641071146989	1.83152338849	0.175947716368
rs3757354	0.459948083667	0.510490636753	0.811786950744	0.367592465042
rs364585	0.221771503119	0.471411558415	0.221315090081	0.638039707523
rs8017377	-0.615311106203	0.671982520023	0.838443024502	0.359842446554
rs2328223	-0.17367151729	0.969534816792	0.0320870933634	0.857836642295
rs10490626	0.888258296601	0.523200662869	2.88231853258	0.0895569878479
rs12713956	0.151400975479	0.167213155197	0.819816137976	0.365233928244
