SNP	a_hat	se_a	chisq	p_value
rs514230	-0.248758271329	0.46686686034	0.283902335611	0.594154820554
rs2479409	-0.389738230212	0.210662585708	3.42271861189	0.0643050343883
rs3780181	0.0685438794505	0.215091475283	0.101552580928	0.749974371898
rs3757354	0.200930300814	0.354728512278	0.320847510497	0.571098766828
rs364585	-0.387077177607	0.407728097827	0.901267787843	0.342441997973
rs8017377	-0.285990019871	0.423144792923	0.456797537347	0.499124463854
rs2328223	0.897086188337	0.538398410177	2.77626426425	0.0956710870471
rs10490626	-0.344279710694	0.444458512048	0.600012644496	0.438573201674
rs12713956	-0.182979481963	0.132210218886	1.91546728523	0.16635720636
