SNP	a_hat	se_a	chisq	p_value
rs4983559	1.18827043515	1.00265824726	1.40450963464	0.235969967754
rs11246602	0.132070614878	0.688475722128	0.0367989256088	0.847875009955
rs181362	-0.0495757055981	0.424194399461	0.0136586553816	0.906962873465
rs2290547	1.31116734941	0.906461292153	2.09226998481	0.148045951111
rs4759375	-0.151518765574	0.485219143035	0.0975117597445	0.754836302501
rs2602836	1.41324573555	0.698865230241	4.0892955423	0.0431556252923
rs11869286	0.314042411299	0.475890983256	0.435473422015	0.50931537257
rs17695224	-0.50579837677	0.519723137731	0.947132542968	0.330450259374
rs7134594	-0.137946345594	0.344933105011	0.159937625498	0.68921394994
rs7395662	-0.881969078393	0.268356236878	10.8014816431	0.00101418891008
rs7255436	-0.838526029628	0.540828416812	2.40388723727	0.121034161668
rs838880	0.12670738734	0.332408743359	0.145297785421	0.703070084649
rs499974	0.55827449047	0.583591712646	0.915118501164	0.338759967344
rs16942887	-0.308420591672	0.264426553538	1.36043126071	0.243462754339
rs4917014	-1.37083821424	0.732224686128	3.50496489108	0.0611851424822
rs4650994	-0.432165341397	0.675757537788	0.408995068644	0.522480009963
rs386000	-0.03417736914	0.417072672706	0.00671512015655	0.934689784545
rs702485	-0.288837208951	0.690707762404	0.17487092444	0.675818653719
