SNP	a_hat	se_a	chisq	p_value
rs7953528	-1.17616950276	0.379030409807	9.62923350839	0.00191504512651
rs9466056	-0.304444023899	0.349971694484	0.756744139633	0.384349360333
rs3790160	0.606431751077	0.276586796354	4.80729723455	0.0283394595016
rs2887571	0.0786191809174	0.412021381326	0.0364097353487	0.848671827408
rs7217932	-0.596404907533	0.454767140508	1.71990422341	0.189705373977
rs3755955	-0.344941893656	0.521344267823	0.437766657812	0.50820236885
rs9921222	-0.539330315544	0.354394532265	2.31598445138	0.128050208231
rs3905706	-0.0870837150085	0.340489301102	0.0654134350338	0.798135773542
rs13245690	0.00335193505824	0.28448154883	0.000138829891469	0.990599055153
rs1878526	0.0856951706054	0.421631693076	0.0413091442922	0.838942360779
rs1026364	0.0509677481245	0.477459772508	0.0113950784159	0.914989113779
rs2062377	-0.101786731689	0.172230219236	0.349271886946	0.554525586844
rs10835187	0.00301762625927	0.452345467406	4.45031154236e-05	0.994677299282
rs7812088	-0.653545115642	0.399926259677	2.67049213762	0.102224409203
rs13336428	-0.0737774386817	0.505587859234	0.0212938345053	0.883981329054
rs7584262	-0.390316424861	0.397442114721	0.964463695225	0.326064809434
rs1566045	-0.054451395065	0.450331957317	0.0146201721858	0.903759229159
rs4790881	1.10651314344	0.31042516045	12.705721315	0.000364538547402
rs7108738	0.343271047252	0.230865544955	2.21083384871	0.137044578531
rs17040773	-0.647544851136	0.430019424724	2.26758492577	0.132105624515
rs1366594	-0.193117533744	0.175068232365	1.21682666899	0.269984319697
rs884205	-0.172251199622	0.404925524664	0.180956506463	0.670552519417
rs12407028	0.00245068192649	0.176132088971	0.000193596242517	0.988898682835
rs11755164	-0.539181312989	0.362798593783	2.20870886255	0.137233484987
rs6532023	-0.549173606433	0.243762447219	5.07558038967	0.0242651472355
rs1346004	-0.223288395813	0.23502458269	0.902621609627	0.342079732567
rs3736228	-0.127991242128	0.246298098808	0.270046397876	0.603300649909
rs7071206	0.42970388026	0.277951443797	2.39001530605	0.122112433068
rs4727338	0.391930115756	0.180225673735	4.72915943952	0.0296553747458
rs3801387	0.0652296859375	0.178912087226	0.132926390009	0.715416946253
rs10416218	0.656362016485	0.390314627526	2.82785558325	0.0926419868248
rs4796995	-0.253445876494	0.471290826211	0.28919613675	0.590736125772
rs6959212	0.039020198552	0.211377265125	0.0340770821171	0.853542951413
rs1286083	0.581382497166	0.365120674373	2.53542668073	0.111316791747
rs4233949	-0.155630783248	0.281554999041	0.305537500089	0.580431551681
rs271170	-0.0338000297564	0.134385790747	0.0632597487976	0.801416037881
rs344081	0.206145776292	0.341809412531	0.363731443584	0.546441155247
rs10048146	0.273745505831	0.396062123494	0.477713344041	0.489459907509
rs1373004	0.034173229302	0.363163551658	0.00885457114762	0.925030728544
rs479336	-0.662596023606	0.394976130605	2.81420641489	0.0934330933872
rs13204965	0.352670418396	0.416443873187	0.717174950394	0.397072142958
rs9287237	-0.0584185227127	0.107549873516	0.295040294405	0.587008548548
