SNP	a_hat	se_a	chisq	p_value
rs514230	-0.0508866331236	0.342150635963	0.0221193688623	0.881769988193
rs11136341	-0.650014358085	0.443270956095	2.150341055	0.142538223491
rs11563251	0.204572370264	0.882894943968	0.0536878354456	0.816766094291
rs3780181	0.867585860139	0.641071146989	1.83152338849	0.175947716368
rs2030746	1.40218467399	0.80408347676	3.04094213509	0.0811887843217
rs6756629	0.758428200028	0.235791141722	10.3460357466	0.00129753040483
rs3757354	0.459948083667	0.510490636753	0.811786950744	0.367592465042
rs364585	0.221771503119	0.471411558415	0.221315090081	0.638039707523
rs8017377	-0.615311106203	0.671982520023	0.838443024502	0.359842446554
rs2328223	-0.17367151729	0.969534816792	0.0320870933634	0.857836642295
rs4530754	-0.272892463398	0.461973650283	0.348938325684	0.554714734245
rs2479409	0.694127180057	0.265826153232	6.81840333191	0.00902231963928
rs10490626	0.888258296601	0.523200662869	2.88231853258	0.0895569878479
rs12027135	0.0996621347565	0.463290904614	0.0462756814314	0.82967545181
rs12670798	-0.284023774637	0.550778312886	0.265922893009	0.606079936677
rs6102059	0.497736855736	0.255311158595	3.80066863691	0.0512321204181
