SNP	a_hat	se_a	chisq	p_value
rs11246602	-0.761703639967	0.610876611877	1.5547661116	0.212433210692
rs2013208	-0.526502940627	0.39769567653	1.75266882947	0.18554157481
rs11869286	-0.87881283771	0.406062628047	4.68389059976	0.0304467177855
rs17173637	-0.796646192557	0.490966206565	2.63286001374	0.104673012269
rs7395662	0.176702646329	0.169609242213	1.08539315816	0.297494194872
rs181362	0.0946288666978	0.354610870683	0.0712103610994	0.789582579717
rs838880	-0.195411540197	0.256211161804	0.581707045563	0.445643990401
rs499974	-0.52517439815	0.495861069537	1.12172672549	0.2895469489
rs4917014	0.501773787155	0.61895948122	0.65719083771	0.417553438437
rs4650994	-0.355158393555	0.5754436109	0.380924249766	0.537109008169
rs386000	-0.127525707391	0.31132362599	0.167792027735	0.682081603805
rs702485	-0.447143425691	0.595741742015	0.563349142344	0.452913960933
