SNP	a_hat	se_a	chisq	p_value
rs9466056	0.428653970875	0.430180759423	0.992914238533	0.319031150744
rs3790160	-0.095770334636	0.36703708383	0.0680835383785	0.794147858531
rs2887571	-0.0374719030935	0.53714998736	0.00486654071113	0.944384210817
rs3905706	0.20706824159	0.455417308706	0.206732104654	0.649340893862
rs13245690	0.431315558292	0.376351857412	1.31341545049	0.251777199334
rs1026364	-0.146344943376	0.643600757833	0.0517037863454	0.820124642767
rs10835187	0.733209929063	0.45533488887	2.59295403675	0.107339971448
rs7812088	0.550357720734	0.495278094498	1.23478653937	0.266478185644
rs12407028	0.29213732904	0.238105158126	1.50534658296	0.219850531947
rs7584262	0.284108251975	0.499902978803	0.322995332775	0.569813095744
rs1566045	-0.0701474129008	0.52299063428	0.0179901793838	0.89330177452
rs7108738	0.404629750381	0.270540279873	2.2369266946	0.134748566988
rs17040773	0.539144447865	0.526255245667	1.04958447605	0.30560280516
rs11755164	-0.228541447932	0.442675278865	0.266538169005	0.605663508631
rs6532023	-0.157585979513	0.319269038582	0.243624826095	0.621600245352
rs1346004	0.272210910348	0.302656617722	0.808929562557	0.368436915192
rs7071206	0.165838847553	0.343618523282	0.232926771953	0.629362112141
rs4727338	-0.0802570975365	0.243357624969	0.108761949301	0.741558065112
rs6959212	-0.051535502766	0.175574364051	0.0861570512032	0.769120729873
rs1286083	-0.346992766702	0.482607705698	0.51695452318	0.472143694846
rs271170	-0.0318739939026	0.177429475505	0.0322716694822	0.857432709121
rs2062377	0.310063986487	0.231670159982	1.79127578802	0.180770798124
rs1373004	0.239931338062	0.443008056698	0.293326096614	0.588096931076
rs13336428	1.2455173746	0.596943158425	4.35345061435	0.0369340412067
rs13204965	1.45436410128	0.58609176567	6.15765074667	0.0130844876039
rs9287237	0.107941455955	0.159216416681	0.459622046819	0.497800663065
