SNP	a_hat	se_a	chisq	p_value
rs9466056	0.428653970875	0.430180759423	0.992914238533	0.319031150744
rs7217932	-0.60207142728	0.617150543057	0.951730097145	0.329279306632
rs13204965	1.45436410128	0.58609176567	6.15765074667	0.0130844876039
rs9921222	0.441085879315	0.428183491363	1.061173684	0.302947647454
rs13245690	0.431315558292	0.376351857412	1.31341545049	0.251777199334
rs2062377	0.310063986487	0.231670159982	1.79127578802	0.180770798124
rs2016266	0.660797081564	0.363952489098	3.29645267071	0.0694296690412
rs11623869	0.438629480392	0.484081492263	0.821029340208	0.364879382775
rs10416218	0.622192887695	0.523177263235	1.41433523602	0.234338050478
rs17040773	0.539144447865	0.526255245667	1.04958447605	0.30560280516
rs7812088	0.550357720734	0.495278094498	1.23478653937	0.266478185644
rs13336428	1.2455173746	0.596943158425	4.35345061435	0.0369340412067
rs7108738	0.404629750381	0.270540279873	2.2369266946	0.134748566988
rs10835187	0.733209929063	0.45533488887	2.59295403675	0.107339971448
rs1366594	0.198416864454	0.236587918417	0.703350884812	0.401660033926
rs12407028	0.29213732904	0.238105158126	1.50534658296	0.219850531947
rs1346004	0.272210910348	0.302656617722	0.808929562557	0.368436915192
rs6909279	0.279781094781	0.218073655653	1.64600186402	0.199503973488
rs4796995	-0.87128858699	0.64036522922	1.85126489441	0.173636351295
rs6959212	-0.051535502766	0.175574364051	0.0861570512032	0.769120729873
rs344081	-0.495882635822	0.44390380091	1.24790083308	0.263953785816
rs10048146	0.380360116716	0.455546464028	0.697147355092	0.403743887597
rs7084921	-1.52459638913	0.635594818747	5.75372468579	0.0164537350967
