SNP CHR POS A1 A2 FREQ_A1 P_SBP P_DBP P_HDL P_LDL P_TG P_TC P_BMI P_HEIGHT P_WHRadjBMI P_2hrGLUadjBMI P_FastGlu P_HbA1C P_FastIns P_HOMA-B P_HOMA-IR P_FastProIns
rs11755164 6 44639184 T C 0.41 0.728 0.346 0.9151 0.5306 0.4305 0.2253 0.984 0.4389 0.48 .3353 .09669 0.9559 .8394 .2533 .9817 0.5599
rs4983559 14 105277209 G A 0.38 0.409 0.314 9.565e-09 0.5827 0.9709 0.006252 0.0156 0.00833 0.31 .05193 .3696 0.02646 .8679 .5808 .5738 0.8402
rs381815 11 16902268 C T 0.7 2.45e-09 1.22e-07 0.06845 0.7799 0.9712 0.6468 0.427 0.755 0.69 .6713 .1239 0.2235 .9255 .5903 .6825 0.9184
rs17040773 2 112500035 A C 0.79 0.554 0.15 0.5503 0.2175 0.584 0.1247 0.493 0.4885 0.79 .9466 .3526 0.2607 .6956 .1417 .4141 0.7991
rs1346004 2 166601046 G A 0.5 0.0884 0.0408 0.78 0.5441 0.9956 0.6629 0.578 0.6504 0.33 .2306 .7119 0.2486 .736 .8964 .8401 0.5816
rs1366594 5 88376061 A C 0.52 0.51 0.576 0.4532 0.9078 0.3454 0.976 0.485 4.981e-09 0.49 .518 .2985 0.5405 .02928 .3366 .01503 0.4533
rs1373004 10 54427825 T G 0.13 0.361 0.168 0.2951 0.4065 0.9926 0.4111 0.697 0.08809 0.35 .3852 .7413 0.7476 .09167 .4436 .1353 0.08535
rs7134594 12 110000193 C T 0.44 0.0391 0.304 1.773e-13 0.5482 0.7778 0.0003108 0.25 0.3298 0.096 .6888 .0435 0.5999 .6056 .6031 .3362 0.4323
rs6015450 20 57751117 A G 0.86 9.67e-08 5.7e-06 0.9897 0.3164 0.1042 0.998 0.534 0.002514 0.57 .4969 .5262 0.2198 .553 .7657 .7263 0.6326
rs8017377 14 24883887 G A 0.54 0.47 0.82 0.4343 2.516e-15 0.1417 3.106e-11 0.519 0.9522 0.48 .233 .2542 0.4111 .9773 .3775 .7952 0.4794
rs883079 12 114793240 C T 0.29 0.131 0.111 0.4216 0.2108 0.5423 0.315 0.296 0.1016 0.0092 .6152 .615 0.4419 .3329 .6428 .5213 0.9936
rs10048146 16 86710660 A G 0.83 0.234 0.152 0.04564 0.3914 0.8269 0.01036 0.777 0.2365 0.21 .07818 .1601 0.9895 .4972 .7776 .5295 0.2675
rs1286083 14 91442779 T C 0.82 0.615 0.391 0.6913 0.7397 0.8932 0.6703 0.185 0.2116 0.91 .2506 .5796 0.6992 .8018 .6692 .6671 0.9009
rs7953528 12 28017159 T A 0.85 0.288 0.706 0.6648 0.8374 0.2145 0.4425 0.575 0.03533 0.038 .7187 .4959 0.1158 .8106 .6387 .602 0.06687
rs3755955 4 994414 G A 0.84 0.329 0.0425 0.9248 0.4214 0.9322 0.4309 0.125 0.5492 0.085 .02568 .2913 0.8981 .3664 .7385 .3863 0.9765
rs7812088 7 150919829 G A 0.9 0.736 0.201 0.07804 0.7951 0.9729 0.8623 0.908 0.4274 0.55 .3962 .3312 0.3334 .5128 .09611 .3298 0.2058
rs11136341 8 145043543 A G 0.63 0.0273 0.161 0.8206 7.112e-12 0.7314 6.094e-09 0.928 0.004411 0.41 .08453 .495 0.4265 .2838 .3098 .2007 0.5193
rs2242285 3 66431602 A G 0.39 0.118 0.134 0.8254 0.408 0.9891 0.6518 0.662 0.01716 0.0087 .6711 .3216 0.3504 .2858 .332 .2387 0.6879
rs7395662 11 48518893 A G 0.36 0.926 0.333 2.041e-08 0.4082 0.05149 0.001293 0.233 0.003581 0.059 .8487 .726 0.2579 .5144 .5046 .8715 0.1503
rs10416218 19 33599127 T C 0.75 0.539 0.745 0.696 0.05004 0.2453 0.05788 0.724 0.1722 0.21 .6744 .1294 0.6235 .03585 .3356 .04965 0.3477
rs13204965 6 127167072 A C 0.77 0.171 0.199 0.4767 0.6983 0.5786 0.8984 0.346 5.961e-05 0.68 .8078 .2644 0.5052 .481 .2217 .6431 0.06736
rs2681492 12 90013089 T C 0.86 2.06e-11 6.12e-08 0.5303 0.5133 0.02685 0.8602 0.833 0.4708 0.67 .9478 .7942 0.1786 .1816 .02187 .1109 0.738
rs1327235 20 10969030 A G 0.53 0.000227 9.73e-07 0.5816 0.7197 0.9449 0.6847 0.769 0.1025 0.023 .6542 .2142 0.3296 .9606 .1874 .7029 0.2219
rs11246602 11 51512090 T C 0.87 0.0533 0.309 1.681e-10 0.5259 0.1924 0.01944 0.384 9.296e-05 0.21 .7015 .8365 0.2954 .7329 .5311 .5491 0.1948
rs2290547 3 47061183 G A 0.79 0.766 0.779 3.69e-09 0.7933 0.02213 0.1068 0.038 0.9271 0.4 .951 .1699 0.7276 .3763 .6006 .24 0.1857
rs1026364 3 113370010 G T 0.6 0.212 0.29 0.4644 0.7822 0.6144 0.5036 0.351 0.478 0.8 .06893 .1623 0.0851 .5954 .4431 .8437 0.5593
rs7217932 17 69949016 A G 0.51 0.365 0.545 0.3944 0.1336 0.892 0.6094 0.0289 0.01047 0.96 .4579 .5155 0.2618 .3134 .7978 .2298 0.287
rs479336 1 172199573 T G 0.79 0.829 0.254 0.04195 0.07788 0.2847 0.1495 0.32 8.173e-05 0.19 .6644 .8923 0.9003 .7792 .8668 .6073 0.4955
rs6801957 3 38767315 T C 0.42 0.409 0.045 0.3975 0.5844 0.5532 0.7961 0.337 0.5367 0.73 .9468 .422 0.04515 .2491 .585 .2285 0.2856
rs9921222 16 375782 C T 0.58 0.383 0.354 0.8255 0.3374 0.5312 0.2079 0.561 0.4531 0.017 .5533 .3531 0.6937 .1681 .1969 .1113 0.4971
rs514230 1 234858597 A T 0.47 0.232 0.799 0.171 9.241e-12 0.3305 4.456e-14 0.609 0.7912 0.67 .3363 .1822 0.5492 .4805 .1568 .6042 0.7499
rs884205 18 60054857 A C 0.26 0.935 0.512 0.1779 0.365 0.569 0.9966 0.276 0.4927 0.54 .4569 .8819 0.4116 .1241 .04306 .1392 0.2709
rs3905706 10 28479942 C T 0.82 0.842 0.579 0.6196 0.9035 0.3923 0.9093 0.982 0.9006 0.17 .1957 .9997 0.6919 .5587 .8439 .3872 0.7991
rs4530754 5 122855416 G A 0.42 0.0326 0.457 0.9344 3.576e-12 0.7421 1.678e-09 0.475 0.5222 0.75 .4669 .9558 0.3306 .3614 .768 .5145 0.5257
rs4790881 17 2068932 C A 0.27 0.0517 0.261 0.2683 0.03898 0.0593 0.0151 0.212 0.536 0.84 .8852 .6769 0.8743 .1587 .4548 .1573 0.2267
rs11869286 17 37813856 G C 0.32 0.17 0.386 2.696e-17 0.4823 0.05916 1.959e-05 0.85 0.007672 0.29 .3538 .04078 0.2313 .2616 .9447 .1899 0.4897
rs7108738 11 15710084 T G 0.78 0.592 0.596 0.7318 0.9947 0.794 0.9989 0.33 0.2587 0.52 .6926 .2664 0.277 .262 .08174 .3092 0.8455
rs10835187 11 27505677 C T 0.44 0.082 0.0228 0.3662 0.212 0.9305 0.2064 0.777 0.6273 0.83 .271 .8892 0.4682 .7652 .8964 .5683 0.3809
rs3757354 6 16127407 C T 0.79 0.871 0.852 0.5342 2.087e-17 0.5649 2.215e-15 0.246 0.8444 0.026 .07187 .5997 0.08094 .423 .7788 .4203 0.1409
rs10490626 2 118835841 G A 0.92 0.797 0.564 0.05339 1.697e-12 0.41 5.886e-09 0.32 0.5391 0.42 .3834 .1106 0.7327 .574 .6468 .4456 0.2346
rs7129220 11 10350538 G A 0.86 1.18e-07 0.00204 0.7829 0.4676 0.8346 0.7544 0.942 0.2576 0.47 .4258 .4629 0.58 .8546 .2874 .8421 0.8915
rs17391905 1 51546140 T G 0.97 0.748 0.567 0.8076 0.2131 0.668 0.1602 0.991 0.6465 0.21 .6147 .3425 0.509 .9558 .8035 .826 0.9249
rs633185 11 100593538 G C 0.28 5.23e-08 1.63e-05 0.7552 0.6538 0.9452 0.9575 0.944 0.5761 0.51 .9509 .8689 0.167 .9632 .6517 .8624 0.9473
rs16942887 16 67928042 G A 0.87 0.765 0.727 8.281e-54 0.798 0.02959 1.629e-08 0.473 0.6696 0.079 .4088 .582 0.5303 .04554 .07196 .1151 0.1877
rs1570669 20 52774427 A G 0.69 0.962 0.982 0.8393 0.6041 0.1269 0.7294 0.411 0.5432 0.27 .8343 .3184 0.9875 .06966 .3274 .1285 0.8926
rs12670798 7 21607352 T C 0.78 0.305 0.362 0.7327 4.812e-14 0.01678 9.478e-17 0.318 0.3125 0.68 .4104 .001487 0.774 .2503 .02355 .6863 0.8677
rs2030746 2 121309488 C T 0.6 0.545 0.166 0.3056 8.605e-09 0.4908 3.603e-08 0.512 0.6527 0.96 .003199 .5082 0.8697 .7153 .2306 .6935 0.7494
rs4727338 7 96120675 G C 0.35 0.57 0.544 0.06862 0.1127 0.199 0.3139 0.153 0.08186 0.47 .2598 .4879 0.5481 .2067 .2777 .2784 0.07379
rs7255436 19 8433196 C A 0.46 0.617 0.969 1.867e-08 0.3633 0.03199 0.01484 0.793 0.8999 0.092 .187 .5976 0.3709 .4761 .6886 .5078 0.7082
rs4917014 7 50305863 T G 0.66 0.972 0.585 1.026e-08 0.2462 0.8869 3.635e-05 0.885 0.7059 0.64 .916 .3146 0.9517 .5959 .1321 .5971 0.5429
rs2062377 8 120007420 T A 0.4 0.675 0.666 0.7553 0.9786 0.5614 0.8917 0.354 0.9472 0.15 .3015 .2024 0.7787 .5058 .287 .4922 0.3725
rs2521501 15 91437388 A T 0.68 1.22e-07 6.06e-07 0.0932 0.5714 0.3579 0.09469 0.704 0.001408 0.66 .07467 .1178 0.1253 .7565 .7788 .7643 0.6692
rs386000 19 54792761 G C 0.8 0.459 0.664 2.711e-23 0.3432 0.4928 9.066e-08 0.526 0.3934 0.23 .9544 .2769 0.3161 .1393 .1455 .146 0.6208
rs181362 22 21932068 C T 0.8 0.277 0.262 NA NA NA NA 0.0465 0.001514 0.35 .8402 .1189 0.2724 .6944 .3713 .8134 0.5198
rs3801387 7 120974765 A G 0.75 0.0289 0.0186 0.5222 0.1019 0.6791 0.3545 0.476 0.245 0.18 .1974 .9063 0.7654 .5629 .3471 .2466 0.7333
rs1443512 12 54342684 A C 0.23 0.0545 0.2 0.6907 0.989 0.09158 0.9473 0.669 0.4449 3.33e-08 .647 .7414 0.3325 .7102 .9591 .7435 0.4314
rs9287237 1 240597214 G T 0.88 0.309 0.0928 0.8639 0.5855 0.8402 0.9417 0.603 0.8909 0.76 .4071 .7055 0.3929 .6178 .2169 .6791 0.1185
rs1801725 3 122003757 G T 0.86 0.261 0.969 0.08756 0.2526 0.9729 0.2504 0.511 0.2859 0.58 .8674 .6815 0.8938 .8977 .674 .8993 0.09103
rs12407028 1 68647716 T C 0.61 0.164 0.5 0.8974 0.7754 0.1977 0.4537 0.0527 0.9315 0.66 .9452 .6927 0.3845 .3932 .1981 .2256 0.09647
rs6532023 4 88773849 T G 0.36 0.662 0.544 0.2501 0.05644 0.7656 0.1457 0.211 0.2161 0.94 .8769 .9893 0.8577 .06171 .353 .1404 0.2432
rs6959212 7 38128326 T C 0.36 0.21 0.356 0.141 0.8405 0.09087 0.87 0.283 2.818e-06 0.7 .5235 .9994 0.5367 .9371 .575 .8356 0.9408
rs7336933 13 42559076 G A 0.85 0.269 0.0553 0.6748 0.5353 0.7844 0.2404 0.331 0.4963 0.81 .7606 .5164 0.366 .6543 .5561 .6129 0.9981
rs4796995 18 13708574 A G 0.61 0.1 0.381 0.3306 0.3997 0.2162 0.3059 0.401 0.9144 0.42 .03758 .951 0.09795 .1848 .1513 .1261 0.7951
rs2932538 1 113216543 A G 0.27 2.72e-06 6.16e-06 0.3479 0.375 0.6845 0.1845 0.0148 0.01066 0.35 .4292 .3358 0.4669 .06709 .001895 .04016 0.8235
rs6102059 20 39228784 C T 0.71 0.286 0.93 0.4262 7.454e-07 0.0118 3.261e-07 0.28 0.7746 0.034 .8816 .06465 0.799 .1765 .07889 .3186 0.5867
rs271170 6 133315804 T C 0.34 0.144 0.0714 0.8055 0.4292 0.9986 0.7394 0.463 0.001918 0.87 .1578 .4324 0.1936 .7554 .785 .6151 0.3122
rs419076 3 169100886 T C 0.48 7.96e-08 1.83e-07 0.7443 0.7071 0.4161 0.319 0.822 0.04138 0.54 .1092 .09302 0.1287 .8925 .5144 .7215 0.6969
rs9466056 6 21384613 A G 0.39 0.847 0.617 0.8901 0.1783 0.1827 0.4461 0.309 0.2456 0.83 .8521 .4385 0.8087 .07132 .5024 .08808 0.9591
rs4373814 10 18419972 G C 0.52 9.28e-07 1.71e-05 NA NA NA NA 0.962 0.07037 0.92 .4867 .3219 0.4426 .19 .08481 .4511 0.07127
rs3780181 9 2640759 A G 0.95 0.738 0.125 0.5416 1.764e-09 0.491 6.668e-10 0.757 0.3412 0.44 .6724 .1509 0.01033 .9125 .6237 .8416 0.1488
rs1886512 13 74520186 T A 0.65 0.606 0.106 0.133 0.9172 0.3817 0.6866 0.0252 0.7281 0.13 .9401 .3396 0.4301 .9492 .6242 .9782 0.3911
rs13245690 7 120785064 A G 0.65 0.246 0.5 0.3262 0.9832 0.8773 0.8015 0.921 0.004852 0.24 .7743 .1173 0.53 .2957 .657 .2791 0.3632
rs2602836 4 100014805 A G 0.43 0.553 0.26 4.964e-08 0.8305 0.02119 0.6628 0.725 0.1121 0.14 .4839 .4478 0.6874 .02837 .08387 .02841 0.796
rs12027135 1 25775733 A T 0.47 0.26 0.925 0.7148 2.265e-14 0.01415 4.769e-12 0.851 0.06069 0.78 .1992 .1524 0.2767 .08503 .1333 .2559 0.4959
rs11563251 2 234679384 C T 0.87 0.793 0.507 0.3648 4.499e-08 0.08257 1.266e-09 0.604 0.3094 0.36 .2808 .03087 0.0314 .4366 .4439 .2747 0.6256
rs11953630 5 157845402 C T 0.67 5.87e-07 6.1e-06 0.8811 0.5705 0.9838 0.6078 0.926 0.4647 0.3 .3803 .4495 0.7393 .9081 .9762 .719 0.5334
rs1733724 10 54223977 A G 0.25 0.204 0.124 0.2391 0.6408 0.1044 0.5322 0.0908 0.2984 0.55 .06608 .8953 0.9025 .8214 .4657 .9475 0.09854
rs4650994 1 178515312 G A 0.52 0.296 0.142 6.696e-09 0.3384 0.398 0.3545 0.866 0.2386 0.84 .1179 .3133 0.5616 1 .739 .6766 0.8777
rs344081 3 156555984 T C 0.86 0.254 0.516 0.1817 0.8635 0.02552 0.5968 0.844 0.4631 0.022 .4328 .4215 0.1432 .3906 .6985 .303 0.5073
rs364585 20 12962718 A G 0.37 0.985 0.713 0.8218 4.278e-10 0.4397 7.725e-05 0.854 0.4801 0.94 .4244 .2391 0.3274 .5027 .4231 .472 0.3743
rs2887571 12 1638171 A G 0.73 0.433 0.272 0.8149 0.4127 0.4956 0.1229 0.359 0.3504 0.79 .571 .768 0.7179 .4981 .5703 .3835 0.957
rs4759375 12 123796238 C T 0.91 0.979 0.0286 3.011e-08 0.1088 0.07776 0.006941 0.468 0.3174 0.073 .4407 .1186 0.7118 .132 .04454 .3569 0.04145
rs838880 12 125261593 C T 0.33 0.388 0.914 6.375e-32 0.8811 0.3064 1.96e-06 0.789 0.5117 0.38 .1207 .05474 0.1135 .7353 .4781 .6744 0.8282
rs984222 1 119503843 C G 0.39 0.771 0.784 0.04445 0.9148 0.01944 0.661 0.0112 0.001485 3.81e-14 .4477 .8454 0.3604 .9056 .6191 .9979 0.8692
rs1566045 16 51021803 T C 0.81 0.484 0.876 0.8244 0.4026 0.9006 0.2342 0.907 0.04112 0.4 .9142 .611 0.3924 .5819 .6869 .5502 0.2345
rs2479409 1 55504650 G A 0.33 0.335 0.404 0.02692 2.515e-50 0.0983 2.025e-39 0.417 0.5936 0.79 .9903 .6747 0.8609 .4839 .4866 .8368 0.1952
rs13336428 16 1532463 G A 0.59 0.889 0.669 0.5075 0.3729 0.9077 0.593 0.292 0.08263 0.74 .8577 .9823 0.4491 .6622 .5681 .74 0.5124
rs4233949 2 54659707 C G 0.38 0.766 0.945 0.8477 0.9801 0.9267 0.8493 0.634 0.6516 0.075 .1134 .06958 0.3085 .05525 .5701 .02611 0.8737
rs10491003 10 9328651 C T 0.9 0.956 0.921 0.8139 0.04724 0.6494 0.1747 0.605 0.8824 0.24 .8604 .9427 0.8065 .6677 .5743 .7471 0.6357
rs1769522 14 48826195 T C 0.16 0.68 0.224 0.5566 0.2243 0.03338 0.6346 0.947 0.6238 0.48 .7213 .4703 0.3962 .4923 .966 .4813 0.38
rs6756629 2 44065090 G A 0.92 NA NA 0.6678 1.285e-49 0.03045 5.729e-48 0.466 0.6469 NA NA .3432 0.712 .6962 .6003 .9632 0.6986
rs17367504 1 11862778 A G 0.86 2.11e-10 1.29e-08 0.01217 0.5925 0.03386 0.7588 0.277 0.1255 0.023 .4899 .1731 0.8591 .4129 .7559 .2623 0.6171
rs3790160 20 10639988 T C 0.5 0.357 0.9 0.8288 0.9982 0.7686 0.5516 0.344 0.03605 0.15 .5052 .7289 0.9084 .1191 .1782 .08133 0.298
rs17695224 19 52324216 G A 0.76 0.332 0.302 2.417e-13 0.01249 0.01125 0.0002571 0.253 0.5073 0.43 .9735 .4032 0.8773 .9456 .2722 .7892 0.4976
rs1878526 2 119038598 G A 0.82 0.318 0.648 0.9415 0.1399 0.3047 0.302 0.929 0.1751 0.25 .5655 .0218 0.5622 .2708 .8553 .2112 0.2179
rs1458038 4 81164723 C T 0.72 2.12e-09 7.91e-13 0.03695 0.8966 0.07614 0.9438 0.968 0.2992 0.52 .7227 .871 0.6936 .9376 .6406 .9981 0.5585
rs702485 7 6449272 A G 0.55 0.0222 0.086 6.45e-12 0.7866 0.4754 0.0002921 0.614 0.6273 0.087 .4117 .6143 0.6615 .6648 .3278 .7004 0.6844
rs499974 11 75455021 C A 0.82 0.806 0.745 1.12e-08 0.8261 0.05411 0.0008043 0.122 0.1119 0.52 .2451 .7156 0.08518 .1257 .4667 .3528 0.1223
rs3736228 11 68201295 C T 0.88 0.414 0.916 0.6952 0.06221 0.04852 0.03766 0.664 0.0006719 0.25 .4542 .9213 0.9546 .8456 .9945 .7118 0.2337
rs2328223 20 17845921 A C 0.75 0.897 0.661 0.8594 5.632e-09 0.1154 3.879e-07 0.472 0.2496 0.65 .6686 .3348 0.3592 .899 .6647 .7529 0.5703
rs805303 NA NA NA NA NA 1.28e-06 7.07e-05 0.01718 0.6479 0.7794 0.5749 0.107 0.2728 0.3 .6454 .4603 0.06957 .03215 .1114 .06453 0.5046
rs7071206 10 79401316 T C 0.83 0.428 0.511 0.6572 0.679 0.3574 0.7207 0.0571 0.9419 0.85 .8515 .6491 0.1041 .06783 .09537 .1472 0.3082
rs7784776 7 46620145 A G 0.58 0.133 0.214 0.1736 0.6327 0.4591 0.8265 0.762 0.5222 0.61 .09752 .02286 0.4761 .4117 .4746 .3143 0.6114
rs7584262 2 42250549 C T 0.76 0.393 0.554 0.602 0.6884 0.683 0.4961 0.302 0.02007 0.36 .1267 .7309 0.6746 .3865 .9554 .6217 0.6973
