SNP	a_hat	se_a	chisq	p_value
rs12145743	1.02034048888	0.89555867736	1.29808206221	0.254563854388
rs181362	0.115265313942	0.55790367836	0.0426853478934	0.836318880798
rs737337	0.434292238655	0.656850094292	0.437151127553	0.508500699513
rs7134594	0.223993534287	0.455541819903	0.241776707841	0.622925817517
rs7395662	-0.271685797654	0.24803298802	1.19981692032	0.273358273089
rs2602836	-0.338849213951	0.84230345623	0.161836247378	0.68747152487
rs2293889	0.87813251132	0.626000674587	1.9677526705	0.160686605488
rs970548	0.123105727921	0.702231330833	0.0307323744953	0.860838792157
rs2013208	0.640473964127	0.60799638714	1.10968818666	0.29214973987
rs2923084	0.153687085256	0.745656593737	0.0424812241443	0.836705192172
rs17173637	0.359897007092	0.797656321577	0.203575189307	0.651850401555
rs838880	-0.0579160622406	0.418501277808	0.0191515741195	0.889932822211
rs499974	1.37779544977	0.725080088877	3.61075094565	0.0574071922111
rs4650994	0.729650115145	0.84083315462	0.753025451072	0.385520042336
rs386000	0.565931983102	0.6210462976	0.830386963842	0.362160658248
rs4759375	-0.184349122657	0.648311063293	0.0808565644638	0.776139959914
rs11869286	0.714264913787	0.588664004593	1.4722571538	0.224989903096
rs6805251	-0.020004001067	0.861667647455	0.000538957058399	0.981478415647
rs16942887	0.492059044029	0.352523473417	1.94831132922	0.162768937354
rs4129767	0.130169293505	0.919221881245	0.0200528630513	0.887389543255
rs17404153	-0.394325058453	0.840608540287	0.220049890504	0.639001906943
rs2967605	0.0350737064504	0.222175562105	0.0249213032841	0.874563315253
rs17695224	0.829590516927	0.704484424283	1.38670718829	0.238961964679
rs4983559	0.44303142161	0.984654252455	0.202442427745	0.652756569741
rs2290547	1.25282534424	0.918691612087	1.85969429399	0.172660087263
rs1084651	0.0	0.504085207094	0.0	1.0
rs4917014	-0.93127320616	0.89956901215	1.0717296418	0.300555087299
rs3764261	-0.0327873265779	0.0887245490867	0.136560283985	0.711724787699
rs4148008	0.608860293563	0.651437800707	0.873553271108	0.349973487632
rs1689800	-0.0666000887557	0.653988769953	0.0103707229925	0.918886257557
rs702485	-0.679597675975	0.929565818525	0.534494792951	0.464723260996
