SNP	a_hat	se_a	chisq	p_value
rs12145743	0.494257098056	0.749098624288	0.435339256219	0.50938061907
rs181362	-0.0495757055981	0.424194399461	0.0136586553816	0.906962873465
rs2606736	-0.45849524545	0.517591747463	0.784684341569	0.375712319374
rs737337	-0.23475953719	0.442101261409	0.281970049943	0.595412874028
rs7134594	-0.137946345594	0.344933105011	0.159937625498	0.68921394994
rs7395662	-0.881969078393	0.268356236878	10.8014816431	0.00101418891008
rs2602836	1.41324573555	0.698865230241	4.0892955423	0.0431556252923
rs2293889	0.424949898635	0.461769371903	0.846886504772	0.357434625191
rs970548	-0.756358414477	0.540878045505	1.95549440814	0.1619960042
rs2013208	-1.88088121711	0.454490354044	17.1266884804	3.49674765163e-05
rs2923084	0.271015665521	0.597448028193	0.205773064778	0.650100800414
rs17173637	-0.174975094217	0.636236316051	0.0756337375984	0.783304033408
rs838880	0.12670738734	0.332408743359	0.145297785421	0.703070084649
rs499974	0.55827449047	0.583591712646	0.915118501164	0.338759967344
rs4650994	-0.432165341397	0.675757537788	0.408995068644	0.522480009963
rs386000	-0.03417736914	0.417072672706	0.00671512015655	0.934689784545
rs4759375	-0.151518765574	0.485219143035	0.0975117597445	0.754836302501
rs11869286	0.314042411299	0.475890983256	0.435473422015	0.50931537257
rs6805251	0.299700500688	0.688851236699	0.18928842259	0.663509518161
rs16942887	-0.308420591672	0.264426553538	1.36043126071	0.243462754339
rs4129767	0.0502101261931	0.695367206194	0.00521379816804	0.942437464827
rs17404153	2.16799080919	0.690210474692	9.86624241014	0.00168338961167
rs2967605	-0.356416496387	0.173892661214	4.20100390948	0.0404000557319
rs17695224	-0.50579837677	0.519723137731	0.947132542968	0.330450259374
rs4983559	1.18827043515	1.00265824726	1.40450963464	0.235969967754
rs2290547	1.31116734941	0.906461292153	2.09226998481	0.148045951111
rs1084651	0.598967898658	0.373626177919	2.56999631152	0.108907985812
rs4917014	-1.37083821424	0.732224686128	3.50496489108	0.0611851424822
rs3764261	-0.150746138464	0.0873506636473	2.97824193383	0.0843908930479
rs4148008	-1.19983312363	0.484006820609	6.14523833442	0.0131766406021
rs1689800	-0.382737050777	0.480065444335	0.635623755469	0.425299955806
rs702485	-0.288837208951	0.690707762404	0.17487092444	0.675818653719
