SNP	a_hat	se_a	chisq	p_value
rs17228058	-0.496616013898	0.202170056072	6.03403432492	0.0140326251942
rs2155219	0.104187218072	0.12455459771	0.699695945322	0.402885879882
rs10189629	0.405571159179	0.145121067114	7.81039865755	0.00519464434758
rs7720838	-0.0417675711029	0.182142648625	0.0525841848618	0.818626102764
rs1998359	0.00656007171748	0.199918426023	0.00107674168535	0.973823119324
rs6021270	-0.203644618169	0.179400386228	1.28854362629	0.256316515326
rs7032572	-0.0632563986827	0.171987780454	0.135273816279	0.713025434285
rs1438673	0.154862156833	0.124426623133	1.54904479787	0.213276509981
rs17388568	-0.0329785366232	0.217687292179	0.0229507354349	0.879585253673
rs9860547	-0.232224056299	0.19729705899	1.38539364267	0.239184546004
rs10497813	0.0633321681341	0.194234759724	0.106315064438	0.74437902861
rs962993	-0.28017250923	0.257236066765	1.18628030045	0.276081149825
rs2101521	0.103162665784	0.117559968275	0.770062884334	0.380197599257
