SNP	a_hat	se_a	chisq	p_value
rs17228058	0.204566926079	0.263220598166	0.603991873182	0.43705898621
rs2155219	0.22979824713	0.169954254468	1.82822373013	0.176337493767
rs10189629	0.036335993204	0.173005668896	0.0441116602099	0.833646006425
rs7720838	-0.09284394786	0.21563285834	0.18538616415	0.666784741279
rs1998359	-0.150907265429	0.245434581524	0.378049606116	0.538648906844
rs6021270	-0.370789491753	0.256468839032	2.09018931632	0.148247698255
rs7032572	0.556265166476	0.232608168818	5.71891715692	0.0167830778927
rs1438673	0.179951157529	0.165668286652	1.17986013535	0.277384471053
rs17388568	-0.70924199842	0.265558370389	7.13294540289	0.00756803088464
rs9860547	-0.00285685718094	0.25207293633	0.000128447193274	0.990957405134
rs10497813	-0.0541828319814	0.260929988147	0.0431196683789	0.835500106297
rs962993	0.153680809329	0.272468795007	0.318130813341	0.572733128852
rs2101521	0.100715174134	0.147765212805	0.464563846327	0.495498741877
