SNP	a_hat	se_a	chisq	p_value
rs7953528	-0.0399600532534	0.492361093674	0.00658695446528	0.935314666475
rs9466056	-0.428653970875	0.430180759423	0.992914238533	0.319031150744
rs1026364	0.146344943376	0.643600757833	0.0517037863454	0.820124642767
rs2887571	0.0374719030935	0.53714998736	0.00486654071113	0.944384210817
rs7217932	0.60207142728	0.617150543057	0.951730097145	0.329279306632
rs3755955	-0.22991185037	0.569571420112	0.162939483408	0.686464499669
rs9921222	-0.441085879315	0.428183491363	1.061173684	0.302947647454
rs3905706	-0.20706824159	0.455417308706	0.206732104654	0.649340893862
rs13245690	-0.431315558292	0.376351857412	1.31341545049	0.251777199334
rs1878526	-0.391911984625	0.517654529225	0.573187950675	0.448994883382
rs3790160	0.095770334636	0.36703708383	0.0680835383785	0.794147858531
rs2062377	-0.310063986487	0.231670159982	1.79127578802	0.180770798124
rs2016266	-0.660797081564	0.363952489098	3.29645267071	0.0694296690412
rs11623869	-0.438629480392	0.484081492263	0.821029340208	0.364879382775
rs10835187	-0.829590516927	0.56500599146	2.15586445216	0.142026489821
rs7812088	-0.550357720734	0.495278094498	1.23478653937	0.266478185644
rs479336	0.25378377641	0.519400246395	0.238739020952	0.625118347256
rs7584262	-0.284108251975	0.499902978803	0.322995332775	0.569813095744
rs4727338	0.0802570975365	0.243357624969	0.108761949301	0.741558065112
rs4790881	0.126398574896	0.413898542402	0.0932602469093	0.760072634693
rs7108738	-0.404629750381	0.270540279873	2.2369266946	0.134748566988
rs430727	0.159090214059	0.313923992915	0.256825364409	0.612309609077
rs1366594	0.198416864454	0.236587918417	0.703350884812	0.401660033926
rs884205	-0.31039623316	0.427525094	0.52712020338	0.467820108392
rs12407028	-0.29213732904	0.238105158126	1.50534658296	0.219850531947
rs11755164	0.228541447932	0.442675278865	0.266538169005	0.605663508631
rs6532023	0.157585979513	0.319269038582	0.243624826095	0.621600245352
rs1346004	-0.272210910348	0.302656617722	0.808929562557	0.368436915192
rs3736228	0.109225824291	0.31315646522	0.121654421302	0.727247017443
rs7071206	-0.165838847553	0.343618523282	0.232926771953	0.629362112141
rs7851693	-0.287917605674	0.388510282024	0.549201114794	0.458644302014
rs3801387	0.178557557528	0.235207242202	0.576308590879	0.447762883902
rs10416218	-0.622192887695	0.523177263235	1.41433523602	0.234338050478
rs4796995	0.87128858699	0.64036522922	1.85126489441	0.173636351295
rs6959212	0.263850232624	0.257677043833	1.04848809563	0.305855549114
rs1286083	0.346992766702	0.482607705698	0.51695452318	0.472143694846
rs4233949	-0.0539272309548	0.358329110244	0.0226491578853	0.880373013127
rs271170	0.0318739939026	0.177429475505	0.0322716694822	0.857432709121
rs344081	0.495882635822	0.44390380091	1.24790083308	0.263953785816
rs10048146	-0.380360116716	0.455546464028	0.697147355092	0.403743887597
rs1373004	-0.239931338062	0.443008056698	0.293326096614	0.588096931076
rs13336428	-1.2455173746	0.596943158425	4.35345061435	0.0369340412067
rs13204965	1.45436410128	0.58609176567	6.15765074667	0.0130844876039
rs9287237	-0.107941455955	0.159216416681	0.459622046819	0.497800663065
rs7084921	1.52459638913	0.635594818747	5.75372468579	0.0164537350967
