SNP	a_hat	se_a	chisq	p_value
rs932764	-0.00208437569496	0.0385693924877	0.0029205618252	0.956901524591
rs7129220	0.0224130728905	0.0426402552447	0.276288758939	0.599144077572
rs6015450	-0.0142014826274	0.0307939167664	0.212685317842	0.644670771875
rs12946454	-0.0281188790828	0.0371423426123	0.57313565231	0.44901557522
rs1173771	-0.0288064606214	0.0341044889508	0.71343877539	0.398304580101
rs2521501	-0.0287281004086	0.0425589169974	0.455651374121	0.499663353068
rs419076	-0.012470852163	0.0443066001639	0.0792237525733	0.778352125909
rs11953630	-0.0576069892649	0.0465574621961	1.5309878977	0.21596423945
rs1327235	-0.0564200571082	0.0496072815559	1.29352904699	0.255398609438
rs17367504	-0.0579602838858	0.0275940422289	4.41194773182	0.0356880710793
rs381815	0.0146987889305	0.0323793560032	0.206075657285	0.649860807456
rs17608766	-0.113628321866	0.0480064870686	5.60238991226	0.0179359943539
rs2681492	-0.0309929121642	0.0324772803469	0.910679294664	0.339934246091
rs633185	-0.00979715490158	0.0356832369054	0.0753826607939	0.783655046539
rs4373814	0.0814864241916	0.0506590852051	2.58735389249	0.107720162611
rs1458038	-0.0192863762423	0.0286852847921	0.452046319516	0.501364788388
rs2932538	0.0343838125895	0.0555031867874	0.383771061325	0.535591906057
