SNP	a_hat	se_a	chisq	p_value
rs11136341	0.0129532644254	0.0159849558193	0.656652469548	0.417744240882
rs3757354	0.317001328935	0.574681090483	0.30427645749	0.581213803746
rs4530754	-0.073252784783	0.608067467217	0.0145125838547	0.904112279916
rs5763662	-0.177504367514	0.777094994019	0.0521758898015	0.819319413561
rs12027135	0.169567968285	0.61154256319	0.0768836963518	0.781565810498
rs11220462	0.37416881396	0.45458728965	0.6774864248	0.410453610705
rs364585	-0.103493831783	0.632593228233	0.0267657770548	0.8700440788
rs1564348	0.83936969645	0.464817476602	3.26093148913	0.0709488132336
rs10490626	0.360727249722	0.690274112648	0.273095616055	0.60126272568
rs10102164	-0.38773614099	0.766759532123	0.255713819865	0.613080229417
rs514230	0.248758271329	0.46686686034	0.283902335611	0.594154820554
rs2479409	0.33821172113	0.327012533125	1.06966679238	0.301020721631
rs7640978	0.0951809585738	0.796421013725	0.0142828451482	0.904870638355
rs3780181	-0.0948199559675	0.201073597193	0.222376762713	0.637234881353
rs267733	-0.54879086769	0.914120932257	0.360417976253	0.548274193801
rs12670798	0.388926828923	0.72948950893	0.284248187609	0.593930226884
rs2328223	-0.392299453333	1.04135900144	0.141917010821	0.706382632949
rs8017377	-0.245758477647	0.768341310633	0.102307776972	0.749077593125
rs2254287	-0.0021510094474	0.00983484842613	0.0478353872027	0.82687360232
rs2710642	-0.95090029179	0.95891304646	0.983357662955	0.321371256786
rs11563251	0.156299649538	1.09951242617	0.0202076459704	0.886958681396
rs2030746	1.60883658476	1.02573733144	2.46009310252	0.116771860486
rs4942486	-0.255652469341	0.841945732815	0.0922001830967	0.761398493322
rs7206971	-0.00668607508225	0.0212007972677	0.0994576314114	0.752481470818
rs3764261	0.157379167574	0.425877835616	0.136560283985	0.711724787699
