SNP	a_hat	se_a	chisq	p_value
rs11847263	-0.0540592162897	0.0468814182326	1.329652052	0.24886712752
rs7224668	-0.0836717135142	0.0816995937664	1.04886002077	0.305769780445
rs909674	-0.00453971393852	0.0568602381396	0.00637440460932	0.936364615004
rs1122979	0.116602108183	0.0659483717689	3.12611283961	0.0770472490555
rs6421315	0.0502674093717	0.0586216809222	0.735286297405	0.391175041848
rs12342831	0.0173920182682	0.064287588783	0.0731889794916	0.786748988205
rs4930561	-0.023314255994	0.0757209678116	0.0948005395754	0.758160737095
rs2186369	-0.0309586575129	0.0541647592659	0.32668606135	0.567617001932
rs2072209	-0.0791534159622	0.0775455406185	1.04189911251	0.307380199589
rs4878639	-0.0491451774497	0.0940447799083	0.27308159213	0.601272065262
rs404256	-0.0393835940144	0.0868889451175	0.205447869699	0.6503589573
rs7973719	0.10956059945	0.086871621085	1.59057058976	0.207244631408
rs17348299	-0.0440037473042	0.0675549226212	0.424292468055	0.514802920168
