SNP	a_hat	se_a	chisq	p_value
rs11847263	-0.0181152864053	0.0624066215242	0.0842614765711	0.771603358193
rs7224668	0.0918904759	0.10990315409	0.699070038077	0.403096351452
rs909674	0.0700417002921	0.0639095639638	1.2011068712	0.2731005626
rs1122979	0.0887673743119	0.0879711455945	1.0181839637	0.312950165684
rs6421315	0.0965261584658	0.0730376450083	1.74661233112	0.186303176925
rs12342831	-0.0158634930956	0.0795737875717	0.0397427200383	0.841984462291
rs4930561	-0.139192894816	0.0882889797795	2.4855421784	0.114896748343
rs2186369	-0.102088028445	0.0729518470343	1.9582901939	0.161696297241
rs2072209	-0.0984550178746	0.097217783987	1.02561479212	0.311190856953
rs4878639	-0.107139737068	0.108615771842	0.973005661014	0.323931717986
rs404256	-0.0444929285864	0.111399709584	0.159519532362	0.689599257271
rs7973719	-0.133928196351	0.116066021937	1.33147752779	0.248542534094
rs17348299	0.0706505738872	0.0892711287797	0.626338828191	0.428701444638
