SNP	a_hat	se_a	chisq	p_value
rs932764	-0.0124917767946	0.0286413562088	0.190222232331	0.662731719834
rs7129220	0.0661007203331	0.036718433458	3.24073930004	0.0718282194811
rs6015450	0.0639984285321	0.0233113709661	7.53707764086	0.00604419978328
rs12946454	-0.000238209544912	0.0273378746762	7.59257030938e-05	0.993047692431
rs1173771	0.065638210726	0.0278022295312	5.57383641642	0.0182307748625
rs2521501	0.0784139590708	0.0363819218958	4.64531842278	0.0311383597687
rs419076	0.0487844278254	0.0331738271236	2.16257549296	0.141407500203
rs11953630	0.0768769353975	0.03483242465	4.87107383036	0.0273105010481
rs1327235	0.117279980246	0.0509487560262	5.29883747321	0.0213396622176
rs17367504	0.02960633541	0.0221772534992	1.78218912151	0.181880744537
rs381815	0.0743639347931	0.0239528044807	9.63855619578	0.0019053494741
rs17608766	0.158836023245	0.0357431087804	19.7475564788	8.83746122671e-06
rs2681492	-0.0400836987626	0.0205768901184	3.7946882493	0.0514154468934
rs633185	0.0286013999416	0.026588685498	1.15712652127	0.282062272732
rs1458038	0.0490772247102	0.0230300347304	4.54120184337	0.0330883527012
rs2932538	0.0588428638969	0.0404814937034	2.11287860642	0.146064332002
rs805303	0.103951786438	0.037413554636	7.71979859571	0.00546184891302
