SNP	a_hat	se_a	chisq	p_value
rs11136341	-0.650014358085	0.443270956095	2.150341055	0.142538223491
rs2072183	-1.02	1.5325	0.442995563764	0.505680156715
rs3757354	0.459948083667	0.510490636753	0.811786950744	0.367592465042
rs4530754	-0.272892463398	0.461973650283	0.348938325684	0.554714734245
rs5763662	-0.00693977558251	0.611698554906	0.000128711082844	0.990948121475
rs12027135	0.0996621347565	0.463290904614	0.0462756814314	0.82967545181
rs2228671	0.893740893064	0.253820427852	12.3985276628	0.000429672500771
rs364585	0.221771503119	0.471411558415	0.221315090081	0.638039707523
rs10490626	0.888258296601	0.523200662869	2.88231853258	0.0895569878479
rs10102164	0.404546741526	0.554471468794	0.532327628712	0.465629916649
rs514230	-0.0508866331236	0.342150635963	0.0221193688623	0.881769988193
rs2479409	0.694127180057	0.265826153232	6.81840333191	0.00902231963928
rs7640978	2.33616979114	0.648241113587	12.9878021354	0.000313526776803
rs3780181	0.867585860139	0.641071146989	1.83152338849	0.175947716368
rs12713956	0.151400975479	0.167213155197	0.819816137976	0.365233928244
rs2328223	-0.17367151729	0.969534816792	0.0320870933634	0.857836642295
rs17404153	2.16799080919	0.690210474692	9.86624241014	0.00168338961167
rs9488822	0.808532287338	0.54176045646	2.22730724676	0.135589971311
rs2254287	0.159619013221	0.244637272117	0.4257199402	0.514096616674
rs8017377	-0.615311106203	0.671982520023	0.838443024502	0.359842446554
rs2710642	0.940996596567	0.716360412656	1.72549199726	0.188987636532
rs11563251	0.204572370264	0.882894943968	0.0536878354456	0.816766094291
rs2030746	1.40218467399	0.80408347676	3.04094213509	0.0811887843217
rs1169288	1.75870292569	0.369972494654	22.5967560052	1.99821719837e-06
rs12670798	-0.284023774637	0.550778312886	0.265922893009	0.606079936677
rs7206971	-0.569151058358	0.554424360076	1.05382983029	0.304626688472
