SNP	a_hat	se_a	chisq	p_value
rs17428471	0.00655746531558	0.0278027825775	0.0556282602006	0.813544070691
rs1173771	-0.0514401082525	0.0609008731264	0.71343877539	0.398304580101
rs17030613	0.0744628135653	0.0566487303263	1.72782010445	0.188689529925
rs17367504	-0.0929551722696	0.0442545960275	4.41194773182	0.0356880710793
rs17477177	0.0014290001715	0.0526624240248	0.000736313682257	0.978351978864
rs13082711	-0.0840807554468	0.0648163403979	1.68276781445	0.194557080701
rs871606	-0.0323165237026	0.0696186374498	0.215475668379	0.642509069181
rs1458038	-0.03423331783	0.050916380506	0.452046319516	0.501364788388
rs35444	0.0178796831389	0.035619957358	0.251960722845	0.615697843578
rs1717027	-0.0689053676588	0.0499675882127	1.90164450568	0.167894361993
rs17249754	-0.0230428902417	0.0215807564018	1.14009378255	0.285632511669
rs2521501	-0.0549213684282	0.0813626354362	0.455651374121	0.499663353068
rs419076	-0.0150383805495	0.0534285472565	0.0792237525733	0.778352125909
rs381815	0.031847376016	0.0701552713403	0.206075657285	0.649860807456
rs2071518	0.0241032736732	0.0675260012632	0.12741190192	0.721130706104
rs880315	-0.00855092273536	0.0425993089962	0.0402921883609	0.840910371616
rs633185	-0.0169223584664	0.0616346819276	0.0753826607939	0.783655046539
rs11222084	-0.0179961206123	0.05254481145	0.117300027643	0.731981478987
rs12258967	-0.000232546512403	0.0468257220249	2.46632721868e-05	0.996037551559
rs13209747	0.0152914833223	0.0303078018412	0.254560111562	0.613882308948
rs17080102	-0.000540648677486	0.0484259511708	0.00012464474412	0.991092249902
rs2782980	0.134191700077	0.0649989965041	4.26224103994	0.0389684806861
rs1327235	-0.07378007468	0.0648710604962	1.29352904699	0.255398609438
rs1401454	-0.0521630137458	0.0419728166024	1.54450430341	0.213948591901
rs6015450	-0.0245794891629	0.0532971636342	0.212685317842	0.644670771875
rs6825911	-0.00486717252072	0.0598451034318	0.00661448806265	0.935179911678
rs1446468	-0.0251859725309	0.0557750415229	0.203909587539	0.651583475304
rs9663362	0.0342317828405	0.06223450025	0.302549628421	0.582288430208
rs9313772	-0.0660182024406	0.0514951401565	1.64359533948	0.199832886159
rs4590817	0.00705451362629	0.0432737436802	0.0265757308468	0.870502179387
