SNP	a_hat	se_a	chisq	p_value
rs932764	0.0139583333333	0.0216666666667	0.415033284024	0.519425801156
rs7129220	0.00258064516129	0.0177419354839	0.0211570247934	0.884352001477
rs6015450	0.00144444444444	0.0171111111111	0.00712599089222	0.93272601694
rs2521501	0.0393846153846	0.0189230769231	4.33181307423	0.0374063808014
rs419076	-0.0539024390244	0.0382926829268	1.98145969411	0.159236715468
rs11953630	0.0614634146341	0.030487804878	4.064256	0.0437999757902
rs1327235	0.00529411764706	0.0297058823529	0.0317615920008	0.858551914013
rs17367504	0.0577647058824	0.0164705882353	12.3000510204	0.000452945912106
rs381815	0.01	0.0189230769231	0.279264987772	0.597183374867
rs2681492	0.0210588235294	0.0283529411765	0.551660611904	0.457639961809
rs633185	0.0119298245614	0.0201754385965	0.349640831758	0.554316516933
rs4373814	-0.0235135135135	0.0435135135135	0.292002623356	0.58894005109
rs1458038	0.0195774647887	0.0159154929577	1.51311770695	0.218663967643
rs805303	-0.00368421052632	0.0402631578947	0.0083728480499	0.927092709664
