SNP	a_hat	se_a	chisq	p_value
rs932764	0.0170833333333	0.0191666666667	0.794423440454	0.372765916807
rs7129220	-0.00145161290323	0.0233870967742	0.00385255648038	0.950507911258
rs6015450	0.002	0.016	0.015625	0.90052355034
rs2521501	0.0386153846154	0.0166153846154	5.40132030178	0.0201215243027
rs419076	0.0019512195122	0.029512195122	0.00437128611434	0.947285709434
rs11953630	-0.0414634146341	0.0260975609756	2.52423792471	0.112108930349
rs1327235	0.0129411764706	0.0261764705882	0.244413584143	0.621036407879
rs17367504	0.0410588235294	0.0144705882353	8.05082953269	0.00454828234135
rs381815	-0.00384615384615	0.0172307692308	0.0498246173469	0.823368734024
rs2681492	-0.0152941176471	0.0184705882353	0.685626191732	0.40765607133
rs633185	0.0122807017544	0.0173684210526	0.499948984797	0.47952253868
rs4373814	-0.0151351351351	0.0332432432432	0.20728402406	0.648904537835
rs1458038	-0.00253521126761	0.0140845070423	0.0324	0.857152568198
rs805303	-0.0284210526316	0.0257894736842	1.21449396085	0.270443927276
