SNP	a_hat	se_a	chisq	p_value
rs11246602	0.132070614878	0.688475722128	0.0367989256088	0.847875009955
rs2013208	-1.88088121711	0.454490354044	17.1266884804	3.49674765163e-05
rs838880	0.12670738734	0.332408743359	0.145297785421	0.703070084649
rs11869286	0.314042411299	0.475890983256	0.435473422015	0.50931537257
rs17173637	-0.174975094217	0.636236316051	0.0756337375984	0.783304033408
rs1084651	0.0534792766659	0.0333594801713	2.56999631152	0.108907985812
rs7395662	-0.881969078393	0.268356236878	10.8014816431	0.00101418891008
rs181362	-0.0495757055981	0.424194399461	0.0136586553816	0.906962873465
rs16940212	-0.182747009134	0.892903101124	0.0418882187922	0.83783299596
rs499974	0.55827449047	0.583591712646	0.915118501164	0.338759967344
rs4917014	-1.37083821424	0.732224686128	3.50496489108	0.0611851424822
rs4650994	-0.432165341397	0.675757537788	0.408995068644	0.522480009963
rs386000	-0.03417736914	0.417072672706	0.00671512015655	0.934689784545
rs702485	-0.288837208951	0.690707762404	0.17487092444	0.675818653719
