SNP	a_hat	se_a	chisq	p_value
rs11246602	-1.0909941541	0.88547324969	1.51807754306	0.21791065025
rs2013208	-0.640473964127	0.60799638714	1.10968818666	0.29214973987
rs11869286	0.714264913787	0.588664004593	1.4722571538	0.224989903096
rs17173637	-0.359897007092	0.797656321577	0.203575189307	0.651850401555
rs7395662	0.271685797654	0.24803298802	1.19981692032	0.273358273089
rs181362	-0.115265313942	0.55790367836	0.0426853478934	0.836318880798
rs838880	0.0579160622406	0.418501277808	0.0191515741195	0.889932822211
rs499974	-1.37779544977	0.725080088877	3.61075094565	0.0574071922111
rs4917014	0.93127320616	0.89956901215	1.0717296418	0.300555087299
rs4650994	-0.729650115145	0.84083315462	0.753025451072	0.385520042336
rs386000	-0.565931983102	0.6210462976	0.830386963842	0.362160658248
rs702485	0.679597675975	0.929565818525	0.534494792951	0.464723260996
